@tasks 200
T0 3 1(0) 2(0) 20(0) 
T1 4 3(0) 63(0) 68(0) 135(0) 
T2 1 6(0) 
T3 2 4(0) 5(0) 
T4 3 6(0) 13(0) 123(0) 
T5 4 7(0) 12(0) 14(0) 37(0) 
T6 3 8(0) 9(0) 129(0) 
T7 2 38(0) 107(0) 
T8 4 15(0) 16(0) 17(0) 27(0) 
T9 2 10(0) 11(0) 
T10 2 14(0) 63(0) 
T11 1 18(0) 
T12 3 42(0) 43(0) 67(0) 
T13 2 19(0) 87(0) 
T14 0 
T15 1 54(0) 
T16 1 27(0) 
T17 4 83(0) 84(0) 85(0) 86(0) 
T18 1 23(0) 
T19 4 24(0) 25(0) 26(0) 68(0) 
T20 3 21(0) 22(0) 183(0) 
T21 1 100(0) 
T22 4 33(0) 34(0) 35(0) 36(0) 
T23 1 67(0) 
T24 4 109(0) 110(0) 111(0) 112(0) 
T25 2 92(0) 93(0) 
T26 0 
T27 2 28(0) 79(0) 
T28 4 29(0) 30(0) 31(0) 32(0) 
T29 3 69(0) 122(0) 174(0) 
T30 1 53(0) 
T31 3 39(0) 40(0) 41(0) 
T32 2 54(0) 121(0) 
T33 2 192(0) 193(0) 
T34 4 49(0) 50(0) 51(0) 52(0) 
T35 1 98(0) 
T36 2 44(0) 62(0) 
T37 0 
T38 1 45(0) 
T39 3 48(0) 53(0) 130(0) 
T40 0 
T41 3 167(0) 168(0) 169(0) 
T42 4 142(0) 143(0) 144(0) 145(0) 
T43 3 46(0) 47(0) 48(0) 
T44 0 
T45 1 124(0) 
T46 1 175(0) 
T47 0 
T48 4 55(0) 56(0) 57(0) 58(0) 
T49 1 155(0) 
T50 2 88(0) 89(0) 
T51 4 64(0) 65(0) 66(0) 70(0) 
T52 1 62(0) 
T53 3 59(0) 60(0) 61(0) 
T54 1 76(0) 
T55 0 
T56 0 
T57 1 91(0) 
T58 3 77(0) 78(0) 90(0) 
T59 1 101(0) 
T60 1 172(0) 
T61 4 73(0) 74(0) 75(0) 87(0) 
T62 1 69(0) 
T63 1 131(0) 
T64 1 150(0) 
T65 3 71(0) 72(0) 116(0) 
T66 2 99(0) 182(0) 
T67 4 160(0) 161(0) 162(0) 163(0) 
T68 3 80(0) 100(0) 173(0) 
T69 0 
T70 3 113(0) 114(0) 115(0) 
T71 1 81(0) 
T72 2 137(0) 164(0) 
T73 1 91(0) 
T74 0 
T75 2 82(0) 184(0) 
T76 2 124(0) 174(0) 
T77 0 
T78 0 
T79 1 129(0) 
T80 2 125(0) 126(0) 
T81 0 
T82 0 
T83 0 
T84 1 97(0) 
T85 0 
T86 0 
T87 0 
T88 3 94(0) 95(0) 96(0) 
T89 0 
T90 1 182(0) 
T91 1 108(0) 
T92 0 
T93 1 123(0) 
T94 2 127(0) 128(0) 
T95 2 106(0) 120(0) 
T96 1 97(0) 
T97 1 170(0) 
T98 0 
T99 2 138(0) 139(0) 
T100 0 
T101 3 102(0) 103(0) 104(0) 
T102 2 165(0) 166(0) 
T103 1 136(0) 
T104 2 105(0) 136(0) 
T105 0 
T106 3 117(0) 118(0) 119(0) 
T107 0 
T108 0 
T109 0 
T110 1 140(0) 
T111 3 156(0) 157(0) 158(0) 
T112 3 132(0) 133(0) 134(0) 
T113 0 
T114 4 194(0) 195(0) 196(0) 197(0) 
T115 0 
T116 0 
T117 0 
T118 0 
T119 2 198(0) 199(0) 
T120 1 141(0) 
T121 0 
T122 0 
T123 1 172(0) 
T124 0 
T125 1 185(0) 
T126 1 140(0) 
T127 2 135(0) 180(0) 
T128 0 
T129 1 171(0) 
T130 0 
T131 0 
T132 0 
T133 1 181(0) 
T134 0 
T135 0 
T136 0 
T137 0 
T138 0 
T139 0 
T140 0 
T141 0 
T142 0 
T143 1 159(0) 
T144 4 146(0) 147(0) 148(0) 149(0) 
T145 4 151(0) 152(0) 153(0) 154(0) 
T146 4 176(0) 177(0) 178(0) 179(0) 
T147 4 188(0) 189(0) 190(0) 191(0) 
T148 0 
T149 1 183(0) 
T150 0 
T151 0 
T152 0 
T153 0 
T154 0 
T155 0 
T156 2 186(0) 187(0) 
T157 0 
T158 0 
T159 0 
T160 0 
T161 0 
T162 0 
T163 0 
T164 0 
T165 0 
T166 0 
T167 0 
T168 1 171(0) 
T169 0 
T170 0 
T171 0 
T172 0 
T173 1 181(0) 
T174 0 
T175 0 
T176 0 
T177 0 
T178 0 
T179 0 
T180 0 
T181 0 
T182 0 
T183 0 
T184 0 
T185 0 
T186 0 
T187 0 
T188 0 
T189 0 
T190 0 
T191 0 
T192 0 
T193 0 
T194 0 
T195 0 
T196 0 
T197 0 
T198 0 
T199 0 
@proc 4
203 0 1 
153 0 1 
1034 0 0 
1077 0 0 
@times 
574 588 86 3 
494 869 46 67 
146 885 89 61 
629 264 34 0 
831 52 34 31 
507 427 29 34 
345 798 26 74 
531 791 70 84 
315 394 78 73 
66 523 66 9 
418 123 37 18 
345 381 31 84 
495 208 43 0 
141 195 23 15 
663 634 87 59 
72 95 79 61 
345 461 52 88 
459 774 33 57 
372 253 37 46 
410 655 17 0 
86 822 45 5 
429 618 43 44 
692 554 50 0 
183 287 58 26 
790 775 43 32 
162 51 87 80 
129 131 9 48 
550 60 54 73 
647 265 35 19 
309 816 75 45 
292 752 38 6 
722 556 61 31 
263 246 35 17 
274 724 28 80 
76 410 43 64 
295 884 43 19 
852 615 22 33 
701 434 57 13 
304 270 75 15 
111 617 13 23 
525 293 89 59 
527 741 86 75 
797 751 0 25 
227 820 15 47 
495 246 28 21 
79 346 5 44 
203 656 12 43 
310 461 56 22 
654 224 72 65 
849 241 28 39 
510 605 29 61 
805 877 49 49 
890 436 3 62 
601 276 36 78 
826 73 23 33 
520 355 52 6 
701 505 46 16 
510 362 26 48 
650 908 81 74 
826 506 59 57 
48 434 61 41 
431 144 19 33 
331 549 19 28 
601 289 86 86 
599 921 86 60 
681 686 29 45 
290 639 5 45 
750 236 2 83 
135 565 32 10 
334 149 9 56 
484 245 53 1 
221 456 21 29 
398 258 43 89 
631 194 26 49 
867 329 24 25 
768 797 60 8 
485 554 56 59 
643 614 23 34 
221 233 9 28 
483 845 89 36 
422 861 56 38 
289 705 56 2 
207 715 43 83 
800 642 74 55 
233 726 86 62 
417 857 59 55 
457 910 27 78 
199 369 4 53 
796 635 34 72 
631 720 79 12 
139 95 17 33 
184 422 17 72 
422 330 24 82 
845 401 43 40 
591 313 54 78 
84 375 60 74 
523 647 53 66 
267 701 15 22 
586 559 32 33 
157 343 26 13 
653 647 87 19 
594 246 1 69 
681 116 17 32 
658 175 89 72 
121 83 26 35 
176 508 63 76 
889 885 72 75 
522 659 13 28 
259 923 34 56 
778 389 73 10 
518 113 14 69 
464 160 86 40 
764 483 29 65 
748 202 22 34 
118 852 14 20 
734 620 88 11 
86 606 79 34 
140 475 74 3 
626 222 61 46 
410 199 32 16 
871 559 34 74 
324 918 33 88 
100 193 21 10 
594 156 75 21 
321 700 68 48 
571 502 52 88 
405 714 78 36 
359 205 43 18 
300 573 25 66 
150 85 12 62 
836 919 0 82 
487 197 80 70 
103 731 40 85 
892 191 62 23 
302 152 52 40 
441 446 7 85 
420 512 34 18 
352 196 43 64 
271 53 24 82 
605 195 19 12 
545 345 77 5 
820 820 62 57 
575 564 51 15 
440 911 13 58 
699 641 49 19 
780 357 43 8 
114 485 60 17 
867 279 27 34 
712 346 69 2 
419 276 22 66 
815 511 2 20 
488 916 69 6 
800 144 11 52 
315 425 61 31 
873 592 60 30 
611 780 51 82 
400 458 12 52 
336 791 43 87 
500 265 30 43 
836 48 85 6 
655 89 25 52 
203 62 78 45 
839 632 55 71 
685 469 14 74 
66 132 31 87 
170 254 36 1 
466 222 67 84 
684 258 8 66 
704 60 3 62 
882 807 23 9 
131 736 84 11 
426 555 15 74 
752 845 62 50 
568 420 78 82 
579 99 58 9 
359 254 14 30 
490 801 22 21 
647 84 84 44 
847 686 55 11 
145 692 38 33 
274 692 84 81 
664 531 44 32 
433 291 22 88 
304 230 26 82 
456 63 82 58 
476 388 43 49 
544 210 43 32 
107 806 87 71 
141 752 60 64 
327 108 12 4 
283 592 54 8 
457 176 66 33 
531 345 21 52 
221 424 56 57 
465 446 13 24 
622 550 62 22 
342 73 58 79 
399 228 10 58 
189 120 56 10 
798 359 58 12 
@cost 
49 50 43 310 
17 15 375 311 
50 36 157 101 
42 65 71 169 
12 30 303 408 
33 29 387 292 
43 54 383 59 
21 49 212 174 
22 35 184 111 
36 8 172 188 
22 25 364 353 
6 58 397 281 
41 58 279 239 
11 3 228 251 
38 67 111 215 
71 36 238 51 
52 14 63 117 
44 28 301 85 
65 42 286 210 
73 42 107 326 
41 29 98 427 
76 34 285 40 
29 40 306 466 
89 17 241 68 
44 39 339 401 
60 29 77 109 
86 36 377 364 
4 41 254 93 
12 74 122 173 
41 0 253 330 
46 11 386 166 
38 3 306 302 
76 45 182 337 
1 5 215 156 
16 4 277 281 
69 54 159 302 
23 55 101 55 
59 49 205 102 
15 38 150 419 
8 11 157 124 
50 19 225 180 
59 55 168 295 
21 58 418 417 
7 35 49 351 
5 5 366 356 
2 52 314 126 
87 45 234 134 
26 76 342 343 
51 47 259 299 
42 47 104 328 
46 60 389 63 
10 51 298 131 
4 60 422 178 
29 77 300 43 
15 19 253 180 
5 18 144 193 
2 40 278 254 
21 40 141 378 
6 37 267 77 
34 47 236 299 
3 32 114 248 
38 37 345 255 
83 26 360 193 
39 59 209 145 
30 24 140 162 
29 22 196 51 
51 18 57 246 
19 64 456 247 
47 59 104 240 
66 63 150 166 
35 23 109 60 
50 36 61 363 
67 38 350 65 
3 83 341 230 
30 71 104 55 
30 40 83 82 
6 40 213 325 
29 12 52 155 
24 86 133 239 
72 26 160 289 
38 23 84 356 
32 38 175 394 
34 3 62 278 
6 57 187 115 
86 52 204 338 
45 8 81 106 
52 15 409 91 
68 38 188 58 
16 41 287 168 
15 54 65 346 
16 82 107 291 
83 9 125 265 
58 25 219 85 
16 6 138 136 
66 58 251 62 
18 37 77 203 
55 66 58 174 
74 30 254 282 
28 20 320 186 
52 47 227 250 
38 37 271 185 
6 84 79 168 
19 35 235 154 
39 57 194 250 
71 85 46 109 
68 2 176 174 
3 55 148 73 
59 10 344 351 
86 51 288 241 
39 54 233 459 
48 22 225 253 
62 0 80 329 
10 49 45 70 
49 34 120 314 
88 3 200 391 
55 46 149 397 
19 59 272 240 
44 49 228 116 
15 45 99 368 
43 48 156 287 
27 46 130 125 
62 25 227 126 
67 85 350 158 
38 13 121 109 
30 64 310 150 
16 33 76 252 
19 9 58 381 
21 25 87 228 
74 21 222 147 
18 49 86 276 
26 23 350 198 
30 9 39 199 
60 50 290 248 
41 18 38 286 
74 72 139 226 
20 18 387 97 
14 5 293 316 
17 82 389 59 
13 0 75 143 
32 87 183 337 
13 4 215 383 
17 35 38 102 
49 31 249 103 
28 31 312 280 
12 50 222 233 
59 23 196 183 
18 66 342 448 
36 55 273 413 
51 79 312 461 
4 12 57 81 
29 37 425 50 
16 17 122 270 
23 15 459 224 
45 57 250 170 
14 64 103 334 
65 18 167 161 
76 25 154 61 
78 35 359 46 
36 59 284 364 
33 38 219 461 
60 21 217 346 
70 55 80 120 
17 48 246 77 
18 43 164 234 
42 38 378 220 
67 71 72 255 
61 10 313 240 
3 47 86 36 
10 13 231 160 
22 0 184 440 
65 15 210 52 
49 24 221 137 
44 43 269 286 
4 25 109 294 
66 87 41 391 
8 34 252 245 
21 31 422 320 
14 8 170 205 
3 9 52 229 
77 21 365 183 
13 44 130 290 
19 28 99 243 
2 80 186 84 
50 8 433 246 
28 33 119 230 
16 58 293 222 
26 8 165 282 
86 8 211 261 
23 30 319 212 
4 54 188 103 
46 47 170 310 
23 64 217 187 
62 75 393 235 
52 56 73 333 
16 9 411 70 
68 15 204 275 
4 18 151 179 
4 49 317 146 
23 6 210 464 
47 7 221 165 
@comm 1
CHAN0 201 63 1 1 1 1 
